N
0	[3, 6, 4, 2, 9, 7, 5, 8, 1, 10, 11, 12, 13, 14, 15, 16]
1	[3, 9, 7, 5, 8, 1, 6, 4, 2, 10, 11, 12, 13, 14, 15, 16]
2	[9, 1, 6, 7, 5, 8, 4, 2, 10, 11, 12, 13, 14, 15, 16, 17]
3	[1, 8, 4, 2, 10, 11, 12, 13, 14, 15, 16, 17, 18, 19, 20, 21]
4	[8, 11, 12, 13, 14, 15, 16, 17, 18, 19, 20, 21, 22, 23, 24, 25]
----------------
5	[11, 15, 16, 17, 18, 19, 20, 21, 22, 23, 24, 25, 26, 27, 28, 29]
6	[15, 19, 20, 21, 22, 23, 24, 25, 26, 27, 28, 29, 30, 31, 32, 33]
7	[19, 23, 24, 25, 26, 27, 28, 29, 30, 31, 32, 33, 34, 35, 36, 37]
8	[23, 27, 28, 29, 30, 31, 32, 33, 34, 35, 36, 37, 38, 39, 40, 41]
9	[27, 31, 32, 33, 34, 35, 36, 37, 38, 39, 40, 41, 42, 43, 44, 45]
10	[31, 35, 36, 37, 38, 39, 40, 41, 42, 43, 44, 45, 46, 47, 48, 49]
11	[35, 39, 40, 41, 42, 43, 44, 45, 46, 47, 48, 49, 50, 51, 52, 53]
12	[39, 43, 44, 45, 46, 47, 48, 49, 50, 51, 52, 53, 54, 55, 56, 57]
13	[43, 47, 48, 49, 50, 51, 52, 53, 54, 55, 56, 57, 58, 59, 60, 61]
14	[47, 51, 52, 53, 54, 55, 56, 57, 58, 59, 60, 61, 62, 63, 64, 65]
15	[51, 55, 56, 57, 58, 59, 60, 61, 62, 63, 64, 65, 66, 67, 68, 69]
16	[55, 59, 60, 61, 62, 63, 64, 65, 66, 67, 68, 69, 70, 71, 72, 73]
17	[59, 63, 64, 65, 66, 67, 68, 69, 70, 71, 72, 73, 74, 75, 76, 77]
18	[63, 67, 68, 69, 70, 71, 72, 73, 74, 75, 76, 77, 78, 79, 80, 81]
19	[67, 71, 72, 73, 74, 75, 76, 77, 78, 79, 80, 81, 82, 83, 84, 85]
20	[71, 75, 76, 77, 78, 79, 80, 81, 82, 83, 84, 85, 86, 87, 88, 89]
21	[75, 79, 80, 81, 82, 83, 84, 85, 86, 87, 88, 89, 90, 91, 92, 93]
22	[79, 83, 84, 85, 86, 87, 88, 89, 90, 91, 92, 93, 94, 95, 96, 97]

So, we take the number of iterations we've done and call it N.
The first element is then 11 + 4 * (N - 5), the second element is
the first plus 4, and subsequent elements increment by one.

Those initial elements are one less than multiples of 4.

------------------------
                                                                    N-5
[1000000]                                                            - [3, 6, 4, 2, 9, 7, 5, 8, 1, 10, 11, 12, 13, 14, 15, 16, 17, 18]
[1000000]		 					     - [3, 9, 7, 5, 8, 1, 6, 4, 2, 10, 11, 12, 13, 14, 15, 16, 17, 18]
[1000000, 3]		 					     - [9, 1, 6, 7, 5, 8, 4, 2, 10, 11, 12, 13, 14, 15, 16, 17, 18, 19]
[1000000, 6, 7, 5, 3, 9] 					     - [1, 8, 4, 2, 10, 11, 12, 13, 14, 15, 16, 17, 18, 19, 20, 21, 22, 23]
[1000000, 6, 7, 4, 2, 10, 5, 3, 9, 1] 				     - [8, 11, 12, 13, 14, 15, 16, 17, 18, 19, 20, 21, 22, 23, 24, 25, 26, 27]
[1000000, 6, 7, 4, 2, 10, 12, 13, 14, 5, 3, 9, 1, 8] 		     0 [11, 15, 16, 17, 18, 19, 20, 21, 22, 23, 24, 25, 26, 27, 28, 29, 30, 31]
[1000000, 6, 7, 4, 2, 10, 12, 13, 14, 16, 17, 18, 5, 3, 9, 1, 8, 11] 1 [15, 19, 20, 21, 22, 23, 24, 25, 26, 27, 28, 29, 30, 31, 32, 33, 34, 35]
[ 2, 10, 12, 13, 14, 16, 17, 18, 20, 21, 22, 5, 3, 9, 1, 8, 11, 15]  2 [19, 23, 24, 25, 26, 27, 28, 29, 30, 31, 32, 33, 34, 35, 36, 37, 38, 39]
[14, 16, 17, 18, 20, 21, 22, 24, 25, 26, 5, 3, 9, 1, 8, 11, 15, 19]  - [23, 27, 28, 29, 30, 31, 32, 33, 34, 35, 36, 37, 38, 39, 40, 41, 42, 43]
[20, 21, 22, 24, 25, 26, 28, 29, 30, 5, 3, 9, 1, 8, 11, 15, 19, 23]  - [27, 31, 32, 33, 34, 35, 36, 37, 38, 39, 40, 41, 42, 43, 44, 45, 46, 47]
[25, 26, 28, 29, 30, 32, 33, 34, 5, 3, 9, 1, 8, 11, 15, 19, 23, 27]  - [31, 35, 36, 37, 38, 39, 40, 41, 42, 43, 44, 45, 46, 47, 48, 49, 50, 51]
[30, 32, 33, 34, 36, 37, 38, 5, 3, 9, 1, 8, 11, 15, 19, 23, 27, 31]  - [35, 39, 40, 41, 42, 43, 44, 45, 46, 47, 48, 49, 50, 51, 52, 53, 54, 55]
[36, 37, 38, 40, 41, 42, 5, 3, 9, 1, 8, 11, 15, 19, 23, 27, 31, 35]  - [39, 43, 44, 45, 46, 47, 48, 49, 50, 51, 52, 53, 54, 55, 56, 57, 58, 59]
[41, 42, 44, 45, 46, 5, 3, 9, 1, 8, 11, 15, 19, 23, 27, 31, 35, 39]  - [43, 47, 48, 49, 50, 51, 52, 53, 54, 55, 56, 57, 58, 59, 60, 61, 62, 63]
[46, 48, 49, 50, 5, 3, 9, 1, 8, 11, 15, 19, 23, 27, 31, 35, 39, 43]  - [47, 51, 52, 53, 54, 55, 56, 57, 58, 59, 60, 61, 62, 63, 64, 65, 66, 67]


[6,7,4,2] [10]                       [5,3,9,1]        - [8]  [11] [12,13,14] [15] [16,17,18] [19,20,...]
[6,7,4,2] [10] [12,13,14]            [5,3,9,1,8]      - [11] [15] [16,17,18] 	  	     [19,20,...]
[6,7,4,2] [10] [12,13,14] [16,17,18] [5,3,9,1,8] [11] -      [15]			     [19,20,...]


[6,7,4,2,10]



Iteration N

Index -13-(4*N) = 6,7,4,2,10      group A
Index  -5-N = 5,3,9,1,8		  group B

Index 0 = 11 + 4 * (N - 5)
Index 1 = +4
Index 2 = +1
Index 3 = +1...


Group A moves fastest. So let's look at
1000000 = -13-(4*N)
1000013 = 4N Not divisible. Drop it down.
1000012 = 4N
N = 250003


OK. Let's restart at N = 249990

Index -13-(4*N) = 6,7,4,2,10      group A - index -999973 = 27
Index  -5-N = 5,3,9,1,8		  group B - index -249995 = 750005

Index 0 = 999951
Index 1 = 999955
Index 2 = 999956
and so on by 1's until index 27, which is 6, then 7, 4, 2, 10
[12,13,14]   P = 0    (12 + P * 4) index 32
[16,17,18]   P = 1    (12 + P * 4)
[20,21,22]   P = 2    (12 + P * 4)
[24,25,26]   P = 3    (12 + P * 4)
and so on until index 750005, which is 5, then 3,9,1,8, then back to index 0 = 999951

The 674210 group will never cross the 1000000. 1000000 is always to the left of it. Three by three,
values go from the right to the left.

[1000000, 6, 7, 4, 2, 10, 12, 13, 14, 16, 17, 18, 5, 3, 9, 1, 8, 11] - [15, 19, 20, 21, 22, 23, 24, 25, 26, 27, 28, 29, 30, 31, 32, 33, 34, 35]


So let's say we construct it such that we start with 53918

1000000, 6,7,4,2,10, [12,13,14] [16,17,18], ..., [999968, 999969, 999970], 5,3,9,1,8,11,15,19,23... 999971, 999972, ... , 999999, 

The groups of 3 start with [12,13,14] and go to [999968, 999969, 999970].
list(range(12, 20+1, 4)) --> [12, 16, 20]
a = range(12, 999968+1, 4) --> [12, 16, 20..., 999968]
b = [[i, i+1, i+2] for i in a]



a = [[1,2,3],[4,5,6]]
>>> from itertools import chain
>>> chain(*a)
<itertools.chain object at 0x7fae0dffe9d0>
>>> list(chain(*a))
[1, 2, 3, 4, 5, 6]



[999974, 999975, 999977, 999978, 999979, 999981, 999982, 999983, 999985, 999986, 999987, 999989, 999990, 999991, 999972, 999976, 999980, 999984] - [999988, 999992, 999993, 999994, 999995, 999996, 999997, 999998, 999999, 1000000, 6, 7, 4, 2, 10, 12, 13, 14]
[999979, 999981, 999982, 999983, 999985, 999986, 999987, 999989, 999990, 999991, 999993, 999994, 999995, 999972, 999976, 999980, 999984, 999988] - [999992, 999996, 999997, 999998, 999999, 1000000, 6, 7, 4, 2, 10, 12, 13, 14, 16, 17, 18, 20]
[999985, 999986, 999987, 999989, 999990, 999991, 999993, 999994, 999995, 999997, 999998, 999999, 999972, 999976, 999980, 999984, 999988, 999992] - [999996, 1000000, 6, 7, 4, 2, 10, 12, 13, 14, 16, 17, 18, 20, 21, 22, 24, 25]
[999990, 999991, 999993, 999994, 999995, 999997, 999998, 999999, 6, 7, 4, 999972, 999976, 999980, 999984, 999988, 999992, 999996] - [1000000, 2, 10, 12, 13, 14, 16, 17, 18, 20, 21, 22, 24, 25, 26, 28, 29, 30]
[999991, 999993, 999994, 999995, 999997, 999998, 999999, 6, 7, 4, 999972, 999976, 999980, 999984, 999988, 999992, 999996, 1000000] - [2, 14, 16, 17, 18, 20, 21, 22, 24, 25, 26, 28, 29, 30, 32, 33, 34, 36]
[999993, 999994, 999995, 999997, 999998, 999999, 6, 7, 4, 999972, 999976, 999980, 999984, 999988, 999992, 999996, 1000000, 2] - [14, 20, 21, 22, 24, 25, 26, 28, 29, 30, 32, 33, 34, 36, 37, 38, 40, 41]
[999994, 999995, 999997, 999998, 999999, 6, 7, 4, 999972, 999976, 999980, 999984, 999988, 999992, 999996, 1000000, 2, 14] - [20, 25, 26, 28, 29, 30, 32, 33, 34, 36, 37, 38, 40, 41, 42, 44, 45, 46]
[999995, 999997, 999998, 999999, 6, 7, 4, 999972, 999976, 999980, 999984, 999988, 999992, 999996, 1000000, 2, 14, 20] - [25, 30, 32, 33, 34, 36, 37, 38, 40, 41, 42, 44, 45, 46, 48, 49, 50, 52]
[999997, 999998, 999999, 6, 7, 4, 999972, 999976, 999980, 999984, 999988, 999992, 999996, 1000000, 2, 14, 20, 25] - [30, 36, 37, 38, 40, 41, 42, 44, 45, 46, 48, 49, 50, 52, 53, 54, 56, 57]
[999998, 999999, 6, 7, 4, 999972, 999976, 999980, 999984, 999988, 999992, 999996, 1000000, 2, 14, 20, 25, 30] - [36, 41, 42, 44, 45, 46, 48, 49, 50, 52, 53, 54, 56, 57, 58, 60, 61, 62]
[999999, 6, 7, 4, 999972, 999976, 999980, 999984, 999988, 999992, 999996, 1000000, 2, 14, 20, 25, 30, 36] - [41, 46, 48, 49, 50, 52, 53, 54, 56, 57, 58, 60, 61, 62, 64, 65, 66, 68]
[6, 7, 4, 999972, 999976, 999980, 999984, 999988, 999992, 999996, 1000000, 2, 14, 20, 25, 30, 36, 41] - [46, 52, 53, 54, 56, 57, 58, 60, 61, 62, 64, 65, 66, 68, 69, 70, 72, 73]
[7, 4, 999972, 999976, 999980, 999984, 999988, 999992, 999996, 1000000, 2, 14, 20, 25, 30, 36, 41, 46] - [52, 57, 58, 60, 61, 62, 64, 65, 66, 68, 69, 70, 72, 73, 74, 76, 77, 78]
[4, 999972, 999976, 999980, 999984, 999988, 999992, 999996, 1000000, 2, 14, 20, 25, 30, 36, 41, 46, 52] - [57, 62, 64, 65, 66, 68, 69, 70, 72, 73, 74, 76, 77, 78, 80, 81, 82, 84]
[999972, 999976, 999980, 999984, 999988, 999992, 999996, 1000000, 2, 14, 20, 25, 30, 36, 41, 46, 52, 57] - [62, 68, 69, 70, 72, 73, 74, 76, 77, 78, 80, 81, 82, 84, 85, 86, 88, 89]
[999976, 999980, 999984, 999988, 999992, 999996, 1000000, 2, 14, 20, 25, 30, 36, 41, 46, 52, 57, 62] - [68, 73, 74, 76, 77, 78, 80, 81, 82, 84, 85, 86, 88, 89, 90, 92, 93, 94]
[999980, 999984, 999988, 999992, 999996, 1000000, 2, 14, 20, 25, 30, 36, 41, 46, 52, 57, 62, 68] - [73, 78, 80, 81, 82, 84, 85, 86, 88, 89, 90, 92, 93, 94, 96, 97, 98, 100]
[999984, 999988, 999992, 999996, 1000000, 2, 14, 20, 25, 30, 36, 41, 46, 52, 57, 62, 68, 73] - [78, 84, 85, 86, 88, 89, 90, 92, 93, 94, 96, 97, 98, 100, 101, 102, 104, 105]
[999988, 999992, 999996, 1000000, 2, 14, 20, 25, 30, 36, 41, 46, 52, 57, 62, 68, 73, 78] - [84, 89, 90, 92, 93, 94, 96, 97, 98, 100, 101, 102, 104, 105, 106, 108, 109, 110]
[999992, 999996, 1000000, 2, 14, 20, 25, 30, 36, 41, 46, 52, 57, 62, 68, 73, 78, 84] - [89, 94, 96, 97, 98, 100, 101, 102, 104, 105, 106, 108, 109, 110, 112, 113, 114, 116]
[999996, 1000000, 2, 14, 20, 25, 30, 36, 41, 46, 52, 57, 62, 68, 73, 78, 84, 89] - [94, 100, 101, 102, 104, 105, 106, 108, 109, 110, 112, 113, 114, 116, 117, 118, 120, 121]
[1000000, 2, 14, 20, 25, 30, 36, 41, 46, 52, 57, 62, 68, 73, 78, 84, 89, 94] - [100, 105, 106, 108, 109, 110, 112, 113, 114, 116, 117, 118, 120, 121, 122, 124, 125, 126]
[2, 14, 20, 25, 30, 36, 41, 46, 52, 57, 62, 68, 73, 78, 84, 89, 94, 100] - [105, 110, 112, 113, 114, 116, 117, 118, 120, 121, 122, 124, 125, 126, 128, 129, 130, 132]
[14, 20, 25, 30, 36, 41, 46, 52, 57, 62, 68, 73, 78, 84, 89, 94, 100, 105] - [110, 116, 117, 118, 120, 121, 122, 124, 125, 126, 128, 129, 130, 132, 133, 134, 136, 137]
[20, 25, 30, 36, 41, 46, 52, 57, 62, 68, 73, 78, 84, 89, 94, 100, 105, 110] - [116, 121, 122, 124, 125, 126, 128, 129, 130, 132, 133, 134, 136, 137, 138, 140, 141, 142]
[25, 30, 36, 41, 46, 52, 57, 62, 68, 73, 78, 84, 89, 94, 100, 105, 110, 116] - [121, 126, 128, 129, 130, 132, 133, 134, 136, 137, 138, 140, 141, 142, 144, 145, 146, 148]
[30, 36, 41, 46, 52, 57, 62, 68, 73, 78, 84, 89, 94, 100, 105, 110, 116, 121] - [126, 132, 133, 134, 136, 137, 138, 140, 141, 142, 144, 145, 146, 148, 149, 150, 152, 153]
[36, 41, 46, 52, 57, 62, 68, 73, 78, 84, 89, 94, 100, 105, 110, 116, 121, 126] - [132, 137, 138, 140, 141, 142, 144, 145, 146, 148, 149, 150, 152, 153, 154, 156, 157, 158]
[41, 46, 52, 57, 62, 68, 73, 78, 84, 89, 94, 100, 105, 110, 116, 121, 126, 132] - [137, 142, 144, 145, 146, 148, 149, 150, 152, 153, 154, 156, 157, 158, 160, 161, 162, 164]
[46, 52, 57, 62, 68, 73, 78, 84, 89, 94, 100, 105, 110, 116, 121, 126, 132, 137] - [142, 148, 149, 150, 152, 153, 154, 156, 157, 158, 160, 161, 162, 164, 165, 166, 168, 169]
[52, 57, 62, 68, 73, 78, 84, 89, 94, 100, 105, 110, 116, 121, 126, 132, 137, 142] - [148, 153, 154, 156, 157, 158, 160, 161, 162, 164, 165, 166, 168, 169, 170, 172, 173, 174]
[57, 62, 68, 73, 78, 84, 89, 94, 100, 105, 110, 116, 121, 126, 132, 137, 142, 148] - [153, 158, 160, 161, 162, 164, 165, 166, 168, 169, 170, 172, 173, 174, 176, 177, 178, 180]
[62, 68, 73, 78, 84, 89, 94, 100, 105, 110, 116, 121, 126, 132, 137, 142, 148, 153] - [158, 164, 165, 166, 168, 169, 170, 172, 173, 174, 176, 177, 178, 180, 181, 182, 184, 185]
[68, 73, 78, 84, 89, 94, 100, 105, 110, 116, 121, 126, 132, 137, 142, 148, 153, 158] - [164, 169, 170, 172, 173, 174, 176, 177, 178, 180, 181, 182, 184, 185, 186, 188, 189, 190]
[73, 78, 84, 89, 94, 100, 105, 110, 116, 121, 126, 132, 137, 142, 148, 153, 158, 164] - [169, 174, 176, 177, 178, 180, 181, 182, 184, 185, 186, 188, 189, 190, 192, 193, 194, 196]
[78, 84, 89, 94, 100, 105, 110, 116, 121, 126, 132, 137, 142, 148, 153, 158, 164, 169] - [174, 180, 181, 182, 184, 185, 186, 188, 189, 190, 192, 193, 194, 196, 197, 198, 200, 201]
[84, 89, 94, 100, 105, 110, 116, 121, 126, 132, 137, 142, 148, 153, 158, 164, 169, 174] - [180, 185, 186, 188, 189, 190, 192, 193, 194, 196, 197, 198, 200, 201, 202, 204, 205, 206]
[89, 94, 100, 105, 110, 116, 121, 126, 132, 137, 142, 148, 153, 158, 164, 169, 174, 180] - [185, 190, 192, 193, 194, 196, 197, 198, 200, 201, 202, 204, 205, 206, 208, 209, 210, 212]
[94, 100, 105, 110, 116, 121, 126, 132, 137, 142, 148, 153, 158, 164, 169, 174, 180, 185] - [190, 196, 197, 198, 200, 201, 202, 204, 205, 206, 208, 209, 210, 212, 213, 214, 216, 217]
[100, 105, 110, 116, 121, 126, 132, 137, 142, 148, 153, 158, 164, 169, 174, 180, 185, 190] - [196, 201, 202, 204, 205, 206, 208, 209, 210, 212, 213, 214, 216, 217, 218, 220, 221, 222]
[105, 110, 116, 121, 126, 132, 137, 142, 148, 153, 158, 164, 169, 174, 180, 185, 190, 196] - [201, 206, 208, 209, 210, 212, 213, 214, 216, 217, 218, 220, 221, 222, 224, 225, 226, 228]
[110, 116, 121, 126, 132, 137, 142, 148, 153, 158, 164, 169, 174, 180, 185, 190, 196, 201] - [206, 212, 213, 214, 216, 217, 218, 220, 221, 222, 224, 225, 226, 228, 229, 230, 232, 233]
[116, 121, 126, 132, 137, 142, 148, 153, 158, 164, 169, 174, 180, 185, 190, 196, 201, 206] - [212, 217, 218, 220, 221, 222, 224, 225, 226, 228, 229, 230, 232, 233, 234, 236, 237, 238]
[121, 126, 132, 137, 142, 148, 153, 158, 164, 169, 174, 180, 185, 190, 196, 201, 206, 212] - [217, 222, 224, 225, 226, 228, 229, 230, 232, 233, 234, 236, 237, 238, 240, 241, 242, 244]
[126, 132, 137, 142, 148, 153, 158, 164, 169, 174, 180, 185, 190, 196, 201, 206, 212, 217] - [222, 228, 229, 230, 232, 233, 234, 236, 237, 238, 240, 241, 242, 244, 245, 246, 248, 249]
[132, 137, 142, 148, 153, 158, 164, 169, 174, 180, 185, 190, 196, 201, 206, 212, 217, 222] - [228, 233, 234, 236, 237, 238, 240, 241, 242, 244, 245, 246, 248, 249, 250, 252, 253, 254]
[137, 142, 148, 153, 158, 164, 169, 174, 180, 185, 190, 196, 201, 206, 212, 217, 222, 228] - [233, 238, 240, 241, 242, 244, 245, 246, 248, 249, 250, 252, 253, 254, 256, 257, 258, 260]
[142, 148, 153, 158, 164, 169, 174, 180, 185, 190, 196, 201, 206, 212, 217, 222, 228, 233] - [238, 244, 245, 246, 248, 249, 250, 252, 253, 254, 256, 257, 258, 260, 261, 262, 264, 265]
[148, 153, 158, 164, 169, 174, 180, 185, 190, 196, 201, 206, 212, 217, 222, 228, 233, 238] - [244, 249, 250, 252, 253, 254, 256, 257, 258, 260, 261, 262, 264, 265, 266, 268, 269, 270]
[153, 158, 164, 169, 174, 180, 185, 190, 196, 201, 206, 212, 217, 222, 228, 233, 238, 244] - [249, 254, 256, 257, 258, 260, 261, 262, 264, 265, 266, 268, 269, 270, 272, 273, 274, 276]
[158, 164, 169, 174, 180, 185, 190, 196, 201, 206, 212, 217, 222, 228, 233, 238, 244, 249] - [254, 260, 261, 262, 264, 265, 266, 268, 269, 270, 272, 273, 274, 276, 277, 278, 280, 281]
[164, 169, 174, 180, 185, 190, 196, 201, 206, 212, 217, 222, 228, 233, 238, 244, 249, 254] - [260, 265, 266, 268, 269, 270, 272, 273, 274, 276, 277, 278, 280, 281, 282, 284, 285, 286]
[169, 174, 180, 185, 190, 196, 201, 206, 212, 217, 222, 228, 233, 238, 244, 249, 254, 260] - [265, 270, 272, 273, 274, 276, 277, 278, 280, 281, 282, 284, 285, 286, 288, 289, 290, 292]
[174, 180, 185, 190, 196, 201, 206, 212, 217, 222, 228, 233, 238, 244, 249, 254, 260, 265] - [270, 276, 277, 278, 280, 281, 282, 284, 285, 286, 288, 289, 290, 292, 293, 294, 296, 297]
[180, 185, 190, 196, 201, 206, 212, 217, 222, 228, 233, 238, 244, 249, 254, 260, 265, 270] - [276, 281, 282, 284, 285, 286, 288, 289, 290, 292, 293, 294, 296, 297, 298, 300, 301, 302]
[185, 190, 196, 201, 206, 212, 217, 222, 228, 233, 238, 244, 249, 254, 260, 265, 270, 276] - [281, 286, 288, 289, 290, 292, 293, 294, 296, 297, 298, 300, 301, 302, 304, 305, 306, 308]
[190, 196, 201, 206, 212, 217, 222, 228, 233, 238, 244, 249, 254, 260, 265, 270, 276, 281] - [286, 292, 293, 294, 296, 297, 298, 300, 301, 302, 304, 305, 306, 308, 309, 310, 312, 313]
[196, 201, 206, 212, 217, 222, 228, 233, 238, 244, 249, 254, 260, 265, 270, 276, 281, 286] - [292, 297, 298, 300, 301, 302, 304, 305, 306, 308, 309, 310, 312, 313, 314, 316, 317, 318]
[201, 206, 212, 217, 222, 228, 233, 238, 244, 249, 254, 260, 265, 270, 276, 281, 286, 292] - [297, 302, 304, 305, 306, 308, 309, 310, 312, 313, 314, 316, 317, 318, 320, 321, 322, 324]
[206, 212, 217, 222, 228, 233, 238, 244, 249, 254, 260, 265, 270, 276, 281, 286, 292, 297] - [302, 308, 309, 310, 312, 313, 314, 316, 317, 318, 320, 321, 322, 324, 325, 326, 328, 329]
[212, 217, 222, 228, 233, 238, 244, 249, 254, 260, 265, 270, 276, 281, 286, 292, 297, 302] - [308, 313, 314, 316, 317, 318, 320, 321, 322, 324, 325, 326, 328, 329, 330, 332, 333, 334]
[217, 222, 228, 233, 238, 244, 249, 254, 260, 265, 270, 276, 281, 286, 292, 297, 302, 308] - [313, 318, 320, 321, 322, 324, 325, 326, 328, 329, 330, 332, 333, 334, 336, 337, 338, 340]
[222, 228, 233, 238, 244, 249, 254, 260, 265, 270, 276, 281, 286, 292, 297, 302, 308, 313] - [318, 324, 325, 326, 328, 329, 330, 332, 333, 334, 336, 337, 338, 340, 341, 342, 344, 345]
[228, 233, 238, 244, 249, 254, 260, 265, 270, 276, 281, 286, 292, 297, 302, 308, 313, 318] - [324, 329, 330, 332, 333, 334, 336, 337, 338, 340, 341, 342, 344, 345, 346, 348, 349, 350]
[233, 238, 244, 249, 254, 260, 265, 270, 276, 281, 286, 292, 297, 302, 308, 313, 318, 324] - [329, 334, 336, 337, 338, 340, 341, 342, 344, 345, 346, 348, 349, 350, 352, 353, 354, 356]
[238, 244, 249, 254, 260, 265, 270, 276, 281, 286, 292, 297, 302, 308, 313, 318, 324, 329] - [334, 340, 341, 342, 344, 345, 346, 348, 349, 350, 352, 353, 354, 356, 357, 358, 360, 361]
[244, 249, 254, 260, 265, 270, 276, 281, 286, 292, 297, 302, 308, 313, 318, 324, 329, 334] - [340, 345, 346, 348, 349, 350, 352, 353, 354, 356, 357, 358, 360, 361, 362, 364, 365, 366]
[249, 254, 260, 265, 270, 276, 281, 286, 292, 297, 302, 308, 313, 318, 324, 329, 334, 340] - [345, 350, 352, 353, 354, 356, 357, 358, 360, 361, 362, 364, 365, 366, 368, 369, 370, 372]
[254, 260, 265, 270, 276, 281, 286, 292, 297, 302, 308, 313, 318, 324, 329, 334, 340, 345] - [350, 356, 357, 358, 360, 361, 362, 364, 365, 366, 368, 369, 370, 372, 373, 374, 376, 377]
[260, 265, 270, 276, 281, 286, 292, 297, 302, 308, 313, 318, 324, 329, 334, 340, 345, 350] - [356, 361, 362, 364, 365, 366, 368, 369, 370, 372, 373, 374, 376, 377, 378, 380, 381, 382]
[265, 270, 276, 281, 286, 292, 297, 302, 308, 313, 318, 324, 329, 334, 340, 345, 350, 356] - [361, 366, 368, 369, 370, 372, 373, 374, 376, 377, 378, 380, 381, 382, 384, 385, 386, 388]
[270, 276, 281, 286, 292, 297, 302, 308, 313, 318, 324, 329, 334, 340, 345, 350, 356, 361] - [366, 372, 373, 374, 376, 377, 378, 380, 381, 382, 384, 385, 386, 388, 389, 390, 392, 393]
[276, 281, 286, 292, 297, 302, 308, 313, 318, 324, 329, 334, 340, 345, 350, 356, 361, 366] - [372, 377, 378, 380, 381, 382, 384, 385, 386, 388, 389, 390, 392, 393, 394, 396, 397, 398]
[281, 286, 292, 297, 302, 308, 313, 318, 324, 329, 334, 340, 345, 350, 356, 361, 366, 372] - [377, 382, 384, 385, 386, 388, 389, 390, 392, 393, 394, 396, 397, 398, 400, 401, 402, 404]
[286, 292, 297, 302, 308, 313, 318, 324, 329, 334, 340, 345, 350, 356, 361, 366, 372, 377] - [382, 388, 389, 390, 392, 393, 394, 396, 397, 398, 400, 401, 402, 404, 405, 406, 408, 409]
[292, 297, 302, 308, 313, 318, 324, 329, 334, 340, 345, 350, 356, 361, 366, 372, 377, 382] - [388, 393, 394, 396, 397, 398, 400, 401, 402, 404, 405, 406, 408, 409, 410, 412, 413, 414]
[297, 302, 308, 313, 318, 324, 329, 334, 340, 345, 350, 356, 361, 366, 372, 377, 382, 388] - [393, 398, 400, 401, 402, 404, 405, 406, 408, 409, 410, 412, 413, 414, 416, 417, 418, 420]
[302, 308, 313, 318, 324, 329, 334, 340, 345, 350, 356, 361, 366, 372, 377, 382, 388, 393] - [398, 404, 405, 406, 408, 409, 410, 412, 413, 414, 416, 417, 418, 420, 421, 422, 424, 425]
[308, 313, 318, 324, 329, 334, 340, 345, 350, 356, 361, 366, 372, 377, 382, 388, 393, 398] - [404, 409, 410, 412, 413, 414, 416, 417, 418, 420, 421, 422, 424, 425, 426, 428, 429, 430]
[313, 318, 324, 329, 334, 340, 345, 350, 356, 361, 366, 372, 377, 382, 388, 393, 398, 404] - [409, 414, 416, 417, 418, 420, 421, 422, 424, 425, 426, 428, 429, 430, 432, 433, 434, 436]
[318, 324, 329, 334, 340, 345, 350, 356, 361, 366, 372, 377, 382, 388, 393, 398, 404, 409] - [414, 420, 421, 422, 424, 425, 426, 428, 429, 430, 432, 433, 434, 436, 437, 438, 440, 441]
[324, 329, 334, 340, 345, 350, 356, 361, 366, 372, 377, 382, 388, 393, 398, 404, 409, 414] - [420, 425, 426, 428, 429, 430, 432, 433, 434, 436, 437, 438, 440, 441, 442, 444, 445, 446]
[329, 334, 340, 345, 350, 356, 361, 366, 372, 377, 382, 388, 393, 398, 404, 409, 414, 420] - [425, 430, 432, 433, 434, 436, 437, 438, 440, 441, 442, 444, 445, 446, 448, 449, 450, 452]
[334, 340, 345, 350, 356, 361, 366, 372, 377, 382, 388, 393, 398, 404, 409, 414, 420, 425] - [430, 436, 437, 438, 440, 441, 442, 444, 445, 446, 448, 449, 450, 452, 453, 454, 456, 457]
[340, 345, 350, 356, 361, 366, 372, 377, 382, 388, 393, 398, 404, 409, 414, 420, 425, 430] - [436, 441, 442, 444, 445, 446, 448, 449, 450, 452, 453, 454, 456, 457, 458, 460, 461, 462]
[345, 350, 356, 361, 366, 372, 377, 382, 388, 393, 398, 404, 409, 414, 420, 425, 430, 436] - [441, 446, 448, 449, 450, 452, 453, 454, 456, 457, 458, 460, 461, 462, 464, 465, 466, 468]
[350, 356, 361, 366, 372, 377, 382, 388, 393, 398, 404, 409, 414, 420, 425, 430, 436, 441] - [446, 452, 453, 454, 456, 457, 458, 460, 461, 462, 464, 465, 466, 468, 469, 470, 472, 473]
[356, 361, 366, 372, 377, 382, 388, 393, 398, 404, 409, 414, 420, 425, 430, 436, 441, 446] - [452, 457, 458, 460, 461, 462, 464, 465, 466, 468, 469, 470, 472, 473, 474, 476, 477, 478]
[361, 366, 372, 377, 382, 388, 393, 398, 404, 409, 414, 420, 425, 430, 436, 441, 446, 452] - [457, 462, 464, 465, 466, 468, 469, 470, 472, 473, 474, 476, 477, 478, 480, 481, 482, 484]
[366, 372, 377, 382, 388, 393, 398, 404, 409, 414, 420, 425, 430, 436, 441, 446, 452, 457] - [462, 468, 469, 470, 472, 473, 474, 476, 477, 478, 480, 481, 482, 484, 485, 486, 488, 489]
[372, 377, 382, 388, 393, 398, 404, 409, 414, 420, 425, 430, 436, 441, 446, 452, 457, 462] - [468, 473, 474, 476, 477, 478, 480, 481, 482, 484, 485, 486, 488, 489, 490, 492, 493, 494]
[377, 382, 388, 393, 398, 404, 409, 414, 420, 425, 430, 436, 441, 446, 452, 457, 462, 468] - [473, 478, 480, 481, 482, 484, 485, 486, 488, 489, 490, 492, 493, 494, 496, 497, 498, 500]
[382, 388, 393, 398, 404, 409, 414, 420, 425, 430, 436, 441, 446, 452, 457, 462, 468, 473] - [478, 484, 485, 486, 488, 489, 490, 492, 493, 494, 496, 497, 498, 500, 501, 502, 504, 505]
[388, 393, 398, 404, 409, 414, 420, 425, 430, 436, 441, 446, 452, 457, 462, 468, 473, 478] - [484, 489, 490, 492, 493, 494, 496, 497, 498, 500, 501, 502, 504, 505, 506, 508, 509, 510]
[393, 398, 404, 409, 414, 420, 425, 430, 436, 441, 446, 452, 457, 462, 468, 473, 478, 484] - [489, 494, 496, 497, 498, 500, 501, 502, 504, 505, 506, 508, 509, 510, 512, 513, 514, 516]
[398, 404, 409, 414, 420, 425, 430, 436, 441, 446, 452, 457, 462, 468, 473, 478, 484, 489] - [494, 500, 501, 502, 504, 505, 506, 508, 509, 510, 512, 513, 514, 516, 517, 518, 520, 521]
