1000390
13,x,x,41,x,x,x,x,x,x,x,x,x,997,x,x,x,x,x,x,x,23,x,x,x,x,x,x,x,x,x,x,19,x,x,x,x,x,x,x,x,x,29,x,619,x,x,x,x,x,37,x,x,x,x,x,x,x,x,x,x,17

index : [0,  3,  13,  21, 32, 42, 44,  50, 61]
bus id: [13, 41, 997, 23, 19, 29, 619, 37, 17]


(target_time + 0 ) % 13  = 0
(target_time + 3 ) % 41  = 0
(target_time + 13) % 997 = 0
(target_time + 21) % 23  = 0
(target_time + 32) % 19  = 0
(target_time + 42) % 29  = 0
(target_time + 44) % 619 = 0
(target_time + 50) % 37  = 0
(target_time + 61) % 17  = 0

Solve for target_time.

----------------------

target_time + 0  =  13 * i
target_time + 3  =  41 * j
target_time + 13 = 997 * k
target_time + 21 =  23 * m
target_time + 32 =  19 * n
target_time + 42 =  29 * p
target_time + 44 = 619 * q
target_time + 50 =  37 * r
target_time + 61 =  17 * t


------------

0  =  13 * i - target_time
3  =  41 * j - target_time
13 = 997 * k - target_time
21 =  23 * m - target_time
32 =  19 * n - target_time
42 =  29 * p - target_time
44 = 619 * q - target_time
50 =  37 * r - target_time
61 =  17 * t - target_time


--------------------------

 
[ 13   0   0    0    0    0    0    0    0      -1 ] [i          ]       [ 0]
[  0  41   0    0    0    0    0    0    0      -1 ] [j          ]       [ 3]
[  0   0  997   0    0    0    0    0    0      -1 ] [k          ]       [13]
[  0   0   0   23    0    0    0    0    0      -1 ] [m          ]       [21]
[  0   0   0    0   19    0    0    0    0      -1 ] [n          ]   =   [32]
[  0   0   0    0    0   29    0    0    0      -1 ] [p          ]       [42]
[  0   0   0    0    0    0  619    0    0      -1 ] [q          ]       [44]
[  0   0   0    0    0    0    0   37    0      -1 ] [r          ]       [50]
[  0   0   0    0    0    0    0    0   17      -1 ] [t          ]       [61]
                                                     [target_time]
													 
Ax = b

A is  9 x 10 (m x n)
x is 10 x 1
b is  9 x 1

A is indeterminate. There will be multiple solutions. This is not surprising... we expect that
solutions will occur periodically.

Pinv:
[ 7.64753237e-02 -4.50150460e-05 -7.61263655e-08 -1.43044031e-04 -2.09612998e-04 -8.99765665e-05 -1.97489547e-07 -5.52741362e-05 -2.61834922e-04]
[-1.41970530e-04  2.43759708e-02 -2.41376281e-08 -4.53554245e-05 -6.64626580e-05 -2.85291552e-05 -6.26186368e-08 -1.75259456e-05 -8.30208289e-05]
[-5.83830664e-06 -5.86956468e-07  1.00300803e-03 -1.86516791e-06 -2.73316848e-06 -1.17321501e-06 -2.57508938e-09 -7.20725948e-07 -3.41409627e-06]
[-2.53077901e-04 -2.54432869e-05 -4.30279457e-08  4.33974099e-02 -1.18476912e-04 -5.08563202e-05 -1.11624527e-07 -3.12419030e-05 -1.47993651e-04]
[-3.06357459e-04 -3.07997683e-05 -5.20864606e-08 -9.78722317e-05  5.24881595e-02 -6.15629139e-05 -1.35124427e-07 -3.78191458e-05 -1.79150210e-04]
[-2.00716956e-04 -2.01791586e-05 -3.41256121e-08 -6.41231863e-05 -9.39644475e-05  3.44424243e-02 -8.85297970e-08 -2.47780610e-05 -1.17374275e-04]
[-9.40354075e-06 -9.45388689e-07 -1.59877666e-09 -3.00415574e-06 -4.40221160e-06 -1.88965325e-06  1.61550474e-03 -1.16084616e-06 -5.49895635e-06]
[-1.57318695e-04 -1.58160973e-05 -2.67471014e-08 -5.02587136e-05 -7.36478102e-05 -3.16133882e-05 -6.93882193e-08  2.70076064e-02 -9.19960536e-05]
[-3.42399513e-04 -3.44232705e-05 -5.82142795e-08 -1.09386612e-04 -1.60292293e-04 -6.88056097e-05 -1.51021418e-07 -4.22684571e-05 5.86233027e-02]
[-5.82079172e-03 -5.85195599e-04 -9.89642751e-07 -1.85957240e-03 -2.72496898e-03 -1.16969536e-03 -2.56736411e-06 -7.18563770e-04 -3.40385398e-03]

----------------------

target_time  =  13 * i
target_time  =  41 * j - 3

13 * i =  41 * j - 3
    41j-3
i = -----     where both i and j are integers
     13
	 
	 
https://en.wikipedia.org/wiki/Diophantine_equation

https://www.math.uwaterloo.ca/~wgilbert/Research/GilbertPathria.pdf

---------------------------

[ 13   0   0    0    0    0    0    0    0   -1 ] [i          ]       [ 0]
[  0  41   0    0    0    0    0    0    0   -1 ] [j          ]       [ 3]
[  0   0  997   0    0    0    0    0    0   -1 ] [k          ]       [13]
[  0   0   0   23    0    0    0    0    0   -1 ] [m          ]       [21]
[  0   0   0    0   19    0    0    0    0   -1 ] [n          ]   =   [32]
[  0   0   0    0    0   29    0    0    0   -1 ] [p          ]       [42]
[  0   0   0    0    0    0  619    0    0   -1 ] [q          ]       [44]
[  0   0   0    0    0    0    0   37    0   -1 ] [r          ]       [50]
[  0   0   0    0    0    0    0    0   17   -1 ] [t          ]       [61]
                                                  [target_time]
Ax = b

13   0    0   0   0   0    0   0   0  | 1 
 0  41    0   0   0   0    0   0   0  |   1
 0   0  997   0   0   0    0   0   0  |     1
 0   0    0  23   0   0    0   0   0  |       1
 0   0    0   0  19   0    0   0   0  |
 0   0    0   0   0  29    0   0   0  |
 0   0    0   0   0   0  619   0   0  |
 0   0    0   0   0   0    0  37   0  |
 0   0    0   0   0   0    0   0  17  |
-1  -1   -1  -1  -1  -1   -1  -1  -1  |

last row * 12 added to top row


 1  -12  -12 -12 -12 -12  -12 -12 -12
 0  41    0   0   0   0    0   0   0
 0   0  997   0   0   0    0   0   0
 0   0    0  23   0   0    0   0   0
 0   0    0   0  19   0    0   0   0
 0   0    0   0   0  29    0   0   0
 0   0    0   0   0   0  619   0   0
 0   0    0   0   0   0    0  37   0
 0   0    0   0   0   0    0   0  17
-1  -1   -1  -1  -1  -1   -1  -1  -1

Add top row to bottom row

 1  -12  -12 -12 -12 -12  -12 -12 -12
 0  41    0   0   0   0    0   0   0
 0   0  997   0   0   0    0   0   0
 0   0    0  23   0   0    0   0   0
 0   0    0   0  19   0    0   0   0
 0   0    0   0   0  29    0   0   0
 0   0    0   0   0   0  619   0   0
 0   0    0   0   0   0    0  37   0
 0   0    0   0   0   0    0   0  17
 0  -13 -13 -13 -13 -13  -13 -13 -13



 1  -12  -12 -12 -12 -12  -12 -12 -12
 0  41    0   0   0   0    0   0   0
 0   0  997   0   0   0    0   0   0
 0   0    0  23   0   0    0   0   0
 0   0    0   0  19   0    0   0   0
 0   0    0   0   0  29    0   0   0
 0   0    0   0   0   0  619   0   0
 0   0    0   0   0   0    0  37   0
 0   0    0   0   0   0    0   0  17
 0  -13 -13 -13 -13 -13  -13 -13 -13



13*41 = 533
Multiply row 2 by 13
Multiply last row by 41

 1  -12  -12 -12 -12 -12  -12 -12 -12
 0  533   0   0   0   0    0   0   0
 0   0  997   0   0   0    0   0   0
 0   0    0  23   0   0    0   0   0
 0   0    0   0  19   0    0   0   0
 0   0    0   0   0  29    0   0   0
 0   0    0   0   0   0  619   0   0
 0   0    0   0   0   0    0  37   0
 0   0    0   0   0   0    0   0  17
 0  -533 -533 -533 -533 -533  -533 -533 -533

Add last row to second row

 1  -12  -12 -12 -12 -12  -12 -12 -12
 0   0   -533   -533   -533   -533    -533   -533   -533
 0   0  997   0   0   0    0   0   0
 0   0    0  23   0   0    0   0   0
 0   0    0   0  19   0    0   0   0
 0   0    0   0   0  29    0   0   0
 0   0    0   0   0   0  619   0   0
 0   0    0   0   0   0    0  37   0
 0   0    0   0   0   0    0   0  17
 0  -533 -533 -533 -533 -533  -533 -533 -533

Swap row 2 & last row

 1   -12    -12    -12    -12     -12     -12    -12    -12
 0  -533   -533   -533   -533    -533    -533   -533   -533
 0     0   -533   -533   -533    -533    -533   -533   -533
 0     0    997      0      0       0       0      0      0
 0     0      0     23      0       0       0      0      0
 0     0      0      0     19       0       0      0      0
 0     0      0      0      0      29       0      0      0
 0     0      0      0      0       0     619      0      0
 0     0      0      0      0       0       0     37      0
 0     0      0      0      0       0       0      0     17

997 * 533 = 531401
Multiply row 3 by 997
Multiply row 4 by 533

 1   -12    -12          -12    -12     -12     -12    -12    -12
 0  -533   -533         -533   -533    -533    -533   -533   -533
 0     0   -531401   -531401   -531401    -531401    -531401   -531401   -531401
 0     0    531401         0      0       0       0      0      0
 0     0      0           23      0       0       0      0      0
 0     0      0            0     19       0       0      0      0
 0     0      0            0      0      29       0      0      0
 0     0      0            0      0       0     619      0      0
 0     0      0            0      0       0       0     37      0
 0     0      0            0      0       0       0      0     17


Add rows 3 to row 4


 1   -12    -12          -12      -12     -12     -12    -12    -12
 0  -533   -533         -533     -533    -533    -533   -533   -533
 0     0   -531401   -531401   -531401    -531401    -531401   -531401   -531401
 0     0      0      -531401   -531401    -531401    -531401   -531401   -531401
 0     0      0           23        0       0       0      0      0
 0     0      0            0       19       0       0      0      0
 0     0      0            0        0      29       0      0      0
 0     0      0            0        0       0     619      0      0
 0     0      0            0        0       0       0     37      0
 0     0      0            0        0       0       0      0     17

23 * 531401 = 12222223 
Multiply row 4 by 23
Multiply row 5 by 531401

1   -12    -12          -12      -12     -12     -12    -12    -12
0  -533   -533         -533     -533    -533    -533   -533   -533
0     0   -531401   -531401   -531401    -531401    -531401   -531401   -531401
0     0      0      -12222223   -12222223    -12222223    -12222223   -12222223   -12222223
0     0      0       12222223        0       0       0      0      0
0     0      0            0       19       0       0      0      0
0     0      0            0        0      29       0      0      0
0     0      0            0        0       0     619      0      0
0     0      0            0        0       0       0     37      0
0     0      0            0        0       0       0      0     17

Add row 4 to row 5

1   -12       -12         -12         -12          -12          -12         -12         -12
0  -533      -533        -533        -533         -533         -533        -533        -533
0     0   -531401     -531401     -531401      -531401      -531401     -531401     -531401
0     0         0   -12222223   -12222223    -12222223    -12222223   -12222223   -12222223
0     0         0           0   -12222223    -12222223    -12222223   -12222223   -12222223
0     0         0           0       19       0       0      0      0
0     0         0           0        0      29       0      0      0
0     0         0           0        0       0     619      0      0
0     0         0           0        0       0       0     37      0
0     0         0           0        0       0       0      0     17

12222223 * 19 = 232222237
Multiply row 5 by 19
Multiply row 6 by 12222223

1   -12       -12         -12         -12          -12          -12         -12         -12
0  -533      -533        -533        -533         -533         -533        -533        -533
0     0   -531401     -531401     -531401      -531401      -531401     -531401     -531401
0     0         0   -12222223   -12222223    -12222223    -12222223   -12222223   -12222223
0     0         0           0   -232222237   -232222237   -232222237   -232222237   -232222237
0     0         0           0    232222237       0       0      0      0
0     0         0           0        0         29       0      0      0
0     0         0           0        0         0     619      0      0
0     0         0           0        0         0       0     37      0
0     0         0           0        0         0       0      0     17

Add row 5 to row 6

1   -12       -12         -12         -12           -12          -12          -12          -12
0  -533      -533        -533        -533          -533         -533         -533         -533
0     0   -531401     -531401     -531401       -531401      -531401      -531401      -531401
0     0         0   -12222223   -12222223     -12222223    -12222223    -12222223    -12222223
0     0         0           0   -232222237   -232222237   -232222237   -232222237   -232222237
0     0         0           0        0       -232222237   -232222237   -232222237   -232222237
0     0         0           0        0           29          0                0           0
0     0         0           0        0           0         619                0           0
0     0         0           0        0           0           0                 37         0
0     0         0           0        0           0           0                  0        17


29 * 232222237 = 6734444873
Multiply row 6 by 29
Multiply row 7 by 232222237

1   -12       -12         -12         -12           -12          -12          -12          -12
0  -533      -533        -533        -533          -533         -533         -533         -533
0     0   -531401     -531401     -531401       -531401      -531401      -531401      -531401
0     0         0   -12222223   -12222223     -12222223    -12222223    -12222223    -12222223
0     0         0           0   -232222237   -232222237   -232222237   -232222237   -232222237
0     0         0           0        0       -6734444873   -6734444873   -6734444873   -6734444873
0     0         0           0        0        6734444873          0                0           0
0     0         0           0        0           0         619                0           0
0     0         0           0        0           0           0                 37         0
0     0         0           0        0           0           0                  0        17

Add row 6 to row 7

1   -12       -12         -12         -12           -12            -12           -12           -12
0  -533      -533        -533        -533          -533           -533          -533          -533
0     0   -531401     -531401     -531401       -531401        -531401       -531401       -531401
0     0         0   -12222223   -12222223     -12222223      -12222223     -12222223     -12222223
0     0         0           0   -232222237   -232222237     -232222237    -232222237    -232222237
0     0         0           0        0      -6734444873    -6734444873   -6734444873   -6734444873
0     0         0           0        0                0    -6734444873   -6734444873   -6734444873         
0     0         0           0        0           0         619                0           0
0     0         0           0        0           0           0                 37         0
0     0         0           0        0           0           0                  0        17


6734444873 * 619 = 4168621376387
Multiply row 7 by 619
Mult row 8 by 6734444873


1   -12       -12         -12         -12           -12            -12           -12           -12
0  -533      -533        -533        -533          -533           -533          -533          -533
0     0   -531401     -531401     -531401       -531401        -531401       -531401       -531401
0     0         0   -12222223   -12222223     -12222223      -12222223     -12222223     -12222223
0     0         0           0   -232222237   -232222237     -232222237    -232222237    -232222237
0     0         0           0        0      -6734444873    -6734444873   -6734444873   -6734444873
0     0         0           0        0                0    -4168621376387   -4168621376387   -4168621376387
0     0         0           0        0           0          4168621376387                0           0
0     0         0           0        0           0           0                 37         0
0     0         0           0        0           0           0                  0        17

Add row 7 to row 8

1   -12       -12         -12         -12           -12             -12              -12              -12
0  -533      -533        -533        -533          -533            -533             -533             -533
0     0   -531401     -531401     -531401       -531401         -531401          -531401          -531401
0     0         0   -12222223   -12222223     -12222223       -12222223        -12222223        -12222223
0     0         0           0   -232222237   -232222237      -232222237       -232222237       -232222237
0     0         0           0        0      -6734444873     -6734444873      -6734444873      -6734444873
0     0         0           0        0                0  -4168621376387   -4168621376387   -4168621376387
0     0         0           0        0                0               0   -4168621376387   -4168621376387
0     0         0           0        0                0               0               37                0
0     0         0           0        0                0               0                0               17



4168621376387 * 37 = 154238990926319
Mult 8 by 37
Mult 9 by 4168621376387


1   -12       -12         -12         -12           -12             -12              -12              -12
0  -533      -533        -533        -533          -533            -533             -533             -533
0     0   -531401     -531401     -531401       -531401         -531401          -531401          -531401
0     0         0   -12222223   -12222223     -12222223       -12222223        -12222223        -12222223
0     0         0           0   -232222237   -232222237      -232222237       -232222237       -232222237
0     0         0           0        0      -6734444873     -6734444873      -6734444873      -6734444873
0     0         0           0        0                0  -4168621376387   -4168621376387   -4168621376387
0     0         0           0        0                0               0   -154238990926319   -154238990926319
0     0         0           0        0                0               0    154238990926319                0
0     0         0           0        0                0               0                0               17

Add row 8 to row 9


1   -12       -12         -12         -12           -12             -12                -12                -12
0  -533      -533        -533        -533          -533            -533               -533               -533
0     0   -531401     -531401     -531401       -531401         -531401            -531401            -531401
0     0         0   -12222223   -12222223     -12222223       -12222223          -12222223          -12222223
0     0         0           0   -232222237   -232222237      -232222237         -232222237         -232222237
0     0         0           0        0      -6734444873     -6734444873        -6734444873        -6734444873
0     0         0           0        0                0  -4168621376387     -4168621376387     -4168621376387
0     0         0           0        0                0               0   -154238990926319   -154238990926319
0     0         0           0        0                0               0                  0   -154238990926319
0     0         0           0        0                0               0                  0                 17


154238990926319 * 17 = 2622062845747423
Mult row 9 by 17
Mult row 10 by 154238990926319

1   -12       -12         -12         -12           -12             -12                -12                 -12
0  -533      -533        -533        -533          -533            -533               -533                -533
0     0   -531401     -531401     -531401       -531401         -531401            -531401             -531401
0     0         0   -12222223   -12222223     -12222223       -12222223          -12222223           -12222223
0     0         0           0   -232222237   -232222237      -232222237         -232222237          -232222237
0     0         0           0        0      -6734444873     -6734444873        -6734444873         -6734444873
0     0         0           0        0                0  -4168621376387     -4168621376387      -4168621376387
0     0         0           0        0                0               0   -154238990926319    -154238990926319
0     0         0           0        0                0               0                  0   -2622062845747423
0     0         0           0        0                0               0                  0    2622062845747423

Add row 9 to row 10

1   -12       -12         -12         -12           -12             -12                -12                 -12
0  -533      -533        -533        -533          -533            -533               -533                -533
0     0   -531401     -531401     -531401       -531401         -531401            -531401             -531401
0     0         0   -12222223   -12222223     -12222223       -12222223          -12222223           -12222223
0     0         0           0   -232222237   -232222237      -232222237         -232222237          -232222237
0     0         0           0        0      -6734444873     -6734444873        -6734444873         -6734444873
0     0         0           0        0                0  -4168621376387     -4168621376387      -4168621376387
0     0         0           0        0                0               0   -154238990926319    -154238990926319
0     0         0           0        0                0               0                  0   -2622062845747423
0     0         0           0        0                0               0                  0                   0

Call this R.
R' * K =  b

1 0 0 0 0 0 0 0 0 0 * K = b
k1 = 0
or k1 = 13

-12 k1 - 533 k2 = 3
-533 * k2 = 3

-156 - 533 k2 = 3

