[[[[[7,0],[7,7]],[[7,7],[7,8]]],[[[7,7],[8,8]],[[7,7],[8,7]]]],[7,[5,[[3,8],[1,4]]]]]
Exploded
[[[[0,[7,7]],[[7,7],[7,8]]],[[[7,7],[8,8]],[[7,7],[8,7]]]],[7,[5,[[3,8],[1,4]]]]]
Exploded
[[[[7,0],[[14,7],[7,8]]],[[[7,7],[8,8]],[[7,7],[8,7]]]],[7,[5,[[3,8],[1,4]]]]]
Exploded
[[[[7,14],[0,[14,8]]],[[[7,7],[8,8]],[[7,7],[8,7]]]],[7,[5,[[3,8],[1,4]]]]]
            ^^^^^^^
Explode to get
[[[[7,14],[14,0]],[[[15,7],[8,8]],[[7,7],[8,7]]]],[7,[5,[[3,8],[1,4]]]]]
                    ^^^^^^
Explode to get
[[[[7,14],[14,15]],[[0,[15,8]],[[7,7],[8,7]]]],[7,[5,[[3,8],[1,4]]]]]
                       ^^^^^^
Explode to get
[[[[7,14],[14,15]],[[15,0],[[15,7],[8,7]]]],[7,[5,[[3,8],[1,4]]]]]
                            ^^^^^^
Explode to get
[[[[7,14],[14,15]],[[15,15],[0,[15,7]]]],[7,[5,[[3,8],[1,4]]]]]
                               ^^^^^^
Explode to get
[[[[7,14],[14,15]],[[15,15],[15,0]]],[14,[5,[[3,8],[1,4]]]]]
                                             ^^^^^
Explode to get
[[[[7,14],[14,15]],[[15,15],[15,0]]],[14,[8,[0,[9,4]]]]]
                                               ^^^^^
Explode to get
[[[[7,14],[14,15]],[[15,15],[15,0]]],[14,[8,[9,0]]]]
      ^^
Split to get
[[[[7,[7,7]]],[14,15]],[[15,15],[15,0]]],[14,[8,[9,0]]]]
      ^^^^^
Explode to get
[[[[14,0]],[21,15]],[[15,15],[15,0]]],[14,[8,[9,0]]]]
    ^^
Split to get
[[[[[7,7],0]],[21,15]],[[15,15],[15,0]]],[14,[8,[9,0]]]]
    ^^^^^
Explode to get
[[[[0,7]],[21,15]],[[15,15],[15,0]]],[14,[8,[9,0]]]]